output times
0.000000000000000000e+00
2.500000000000000000e+03
5.000000000000000000e+03
7.500000000000000000e+03
1.000000000000000000e+04
1.250000000000000000e+04
1.500000000000000000e+04
1.750000000000000000e+04
2.000000000000000000e+04
2.250000000000000000e+04
2.500000000000000000e+04
2.750000000000000000e+04
3.000000000000000000e+04
3.250000000000000000e+04
3.500000000000000000e+04
3.750000000000000000e+04
4.000000000000000000e+04
4.250000000000000000e+04
4.500000000000000000e+04
4.750000000000000000e+04
5.000000000000000000e+04
5.250000000000000000e+04
5.500000000000000000e+04
5.750000000000000000e+04
6.000000000000000000e+04
6.250000000000000000e+04
6.500000000000000000e+04
6.750000000000000000e+04
7.000000000000000000e+04
7.250000000000000000e+04
7.500000000000000000e+04
end