output times
0.0
60.5333333333
121.066666667
181.6
242.133333333
302.666666667
363.2
423.733333333
484.266666667
544.8
605.333333333
665.866666667
726.4
786.933333333
847.466666667
908.0
968.533333333
1029.06666667
1089.6
1150.13333333
1210.66666667
1271.2
1331.73333333
1392.26666667
1452.8
1513.33333333
1573.86666667
1634.4
1694.93333333
1755.46666667
1816.0
1864.56666667
1913.13333333
1961.7
2010.26666667
2058.83333333
2107.4
2155.96666667
2204.53333333
2253.1
2301.66666667
2350.23333333
2398.8
2447.36666667
2495.93333333
2544.5
2593.06666667
2641.63333333
2690.2
2738.76666667
2787.33333333
2835.9
2884.46666667
2933.03333333
2981.6
3030.16666667
3078.73333333
3127.3
3175.86666667
3224.43333333
3273.0
3323.9
3374.8
3425.7
3476.6
3527.5
3578.4
3629.3
3680.2
3731.1
3782.0
3832.9
3883.8
3934.7
3985.6
4036.5
4087.4
4138.3
4189.2
4240.1
4291.0
4341.9
4392.8
4443.7
4494.6
4545.5
4596.4
4647.3
4698.2
4749.1
4800.0
4874.0
4948.0
5022.0
5096.0
5170.0
5244.0
5318.0
5392.0
5466.0
5540.0
5614.0
5688.0
5762.0
5836.0
5910.0
5984.0
6058.0
6132.0
6206.0
6280.0
6354.0
6428.0
6502.0
6576.0
6650.0
6724.0
6798.0
6872.0
6946.0
7020.0
7086.13333333
7152.26666667
7218.4
7284.53333333
7350.66666667
7416.8
7482.93333333
7549.06666667
7615.2
7681.33333333
7747.46666667
7813.6
7879.73333333
7945.86666667
8012.0
8078.13333333
8144.26666667
8210.4
8276.53333333
8342.66666667
8408.8
8474.93333333
8541.06666667
8607.2
8673.33333333
8739.46666667
8805.6
8871.73333333
8937.86666667
9004.0
9065.53333333
9127.06666667
9188.6
9250.13333333
9311.66666667
9373.2
9434.73333333
9496.26666667
9557.8
9619.33333333
9680.86666667
9742.4
9803.93333333
9865.46666667
9927.0
9988.53333333
10050.0666667
10111.6
10173.1333333
10234.6666667
10296.2
10357.7333333
10419.2666667
10480.8
10542.3333333
10603.8666667
10665.4
10726.9333333
10788.4666667
10850.0
10892.3333333
10934.6666667
10977.0
11019.3333333
11061.6666667
11104.0
11146.3333333
11188.6666667
11231.0
11273.3333333
11315.6666667
11358.0
11400.3333333
11442.6666667
11485.0
11527.3333333
11569.6666667
11612.0
11654.3333333
11696.6666667
11739.0
11781.3333333
11823.6666667
11866.0
11908.3333333
11950.6666667
11993.0
12035.3333333
12077.6666667
12120.0
12176.0
12232.0
12288.0
12344.0
12400.0
12456.0
12512.0
12568.0
12624.0
12680.0
12736.0
12792.0
12848.0
12904.0
12960.0
13016.0
13072.0
13128.0
13184.0
13240.0
13296.0
13352.0
13408.0
13464.0
13520.0
13576.0
13632.0
13688.0
13744.0
13800.0
13846.6666667
13893.3333333
13940.0
13986.6666667
14033.3333333
14080.0
14126.6666667
14173.3333333
14220.0
14266.6666667
14313.3333333
14360.0
14406.6666667
14453.3333333
14500.0
14546.6666667
14593.3333333
14640.0
14686.6666667
14733.3333333
14780.0
14826.6666667
14873.3333333
14920.0
14966.6666667
15013.3333333
15060.0
15106.6666667
15153.3333333
end