output times
7776000.0
7776060.53333
7776121.06667
7776181.6
7776242.13333
7776302.66667
7776363.2
7776423.73333
7776484.26667
7776544.8
7776605.33333
7776665.86667
7776726.4
7776786.93333
7776847.46667
7776908.0
7776968.53333
7777029.06667
7777089.6
7777150.13333
7777210.66667
7777271.2
7777331.73333
7777392.26667
7777452.8
7777513.33333
7777573.86667
7777634.4
7777694.93333
7777755.46667
7777816.0
7777864.56667
7777913.13333
7777961.7
7778010.26667
7778058.83333
7778107.4
7778155.96667
7778204.53333
7778253.1
7778301.66667
7778350.23333
7778398.8
7778447.36667
7778495.93333
7778544.5
7778593.06667
7778641.63333
7778690.2
7778738.76667
7778787.33333
7778835.9
7778884.46667
7778933.03333
7778981.6
7779030.16667
7779078.73333
7779127.3
7779175.86667
7779224.43333
7779273.0
7779323.9
7779374.8
7779425.7
7779476.6
7779527.5
7779578.4
7779629.3
7779680.2
7779731.1
7779782.0
7779832.9
7779883.8
7779934.7
7779985.6
7780036.5
7780087.4
7780138.3
7780189.2
7780240.1
7780291.0
7780341.9
7780392.8
7780443.7
7780494.6
7780545.5
7780596.4
7780647.3
7780698.2
7780749.1
7780800.0
7780874.0
7780948.0
7781022.0
7781096.0
7781170.0
7781244.0
7781318.0
7781392.0
7781466.0
7781540.0
7781614.0
7781688.0
7781762.0
7781836.0
7781910.0
7781984.0
7782058.0
7782132.0
7782206.0
7782280.0
7782354.0
7782428.0
7782502.0
7782576.0
7782650.0
7782724.0
7782798.0
7782872.0
7782946.0
7783020.0
7783086.13333
7783152.26667
7783218.4
7783284.53333
7783350.66667
7783416.8
7783482.93333
7783549.06667
7783615.2
7783681.33333
7783747.46667
7783813.6
7783879.73333
7783945.86667
7784012.0
7784078.13333
7784144.26667
7784210.4
7784276.53333
7784342.66667
7784408.8
7784474.93333
7784541.06667
7784607.2
7784673.33333
7784739.46667
7784805.6
7784871.73333
7784937.86667
7785004.0
7785065.53333
7785127.06667
7785188.6
7785250.13333
7785311.66667
7785373.2
7785434.73333
7785496.26667
7785557.8
7785619.33333
7785680.86667
7785742.4
7785803.93333
7785865.46667
7785927.0
7785988.53333
7786050.06667
7786111.6
7786173.13333
7786234.66667
7786296.2
7786357.73333
7786419.26667
7786480.8
7786542.33333
7786603.86667
7786665.4
7786726.93333
7786788.46667
7786850.0
7786892.33333
7786934.66667
7786977.0
7787019.33333
7787061.66667
7787104.0
7787146.33333
7787188.66667
7787231.0
7787273.33333
7787315.66667
7787358.0
7787400.33333
7787442.66667
7787485.0
7787527.33333
7787569.66667
7787612.0
7787654.33333
7787696.66667
7787739.0
7787781.33333
7787823.66667
7787866.0
7787908.33333
7787950.66667
7787993.0
7788035.33333
7788077.66667
7788120.0
7788176.0
7788232.0
7788288.0
7788344.0
7788400.0
7788456.0
7788512.0
7788568.0
7788624.0
7788680.0
7788736.0
7788792.0
7788848.0
7788904.0
7788960.0
7789016.0
7789072.0
7789128.0
7789184.0
7789240.0
7789296.0
7789352.0
7789408.0
7789464.0
7789520.0
7789576.0
7789632.0
7789688.0
7789744.0
7789800.0
7789846.66667
7789893.33333
7789940.0
7789986.66667
7790033.33333
7790080.0
7790126.66667
7790173.33333
7790220.0
7790266.66667
7790313.33333
7790360.0
7790406.66667
7790453.33333
7790500.0
7790546.66667
7790593.33333
7790640.0
7790686.66667
7790733.33333
7790780.0
7790826.66667
7790873.33333
7790920.0
7790966.66667
7791013.33333
7791060.0
7791106.66667
7791153.33333
end